0 1 0.18
1 2 0.38
2 3 1.48
2 4 1.89 
3 4 1.48
3 6 2.50
3 5 1.15
5 36 1.07
4 7 0.88
7 8 2.64
6 8 0.60
8 9 0.86
6 9 1.05
7 10 3.07
8 10 1.63
9 10 1.25
36 11 2.32
36 6 0.42
10 12 1.24
10 11 2.51
11 12 1.75
12 13 2.01
12 14 1.22
13 14 1.63
11 15 2.66
15 16 1.65
13 16 0.30
15 17 1.38
16 18 1.15
17 18 0.86
18 19 0.75
16 20 1.69
20 21 2.18
20 22 1.23
20 23 1.64
21 24 2.10
21 23 1.45
22 27 1.73
26 27 0.38
25 26 0.59
23 28 0.22
25 28 0.65
24 28 0.91
24 29 0.50
26 29 0.65
28 29 0.97
7 30 2.42
19 30 8.43
30 31 2.41
4 31 4.25
32 33 1.30
33 34 2.74
32 34 3.58
22 34 3.78
33 35 3.57
22 35 2.59
27 35 2.08   